312edaSDSADSA
11111111111111111111111111111111111111111111111111111111111111111111111


1111111111111111111111
1
1
1
1
111111111111111111111111111111111
1
1312edaSDSADSA
11111111111111111111111111111111111111111111111111111111111111111111111


1111111111111111111111
1
1
1
1
111111111111111111111111111111111
1
1312edaSDSADSA
11111111111111111111111111111111111111111111111111111111111111111111111


1111111111111111111111
1
1
1
1
111111111111111111111111111111111
1
1312edaSDSADSA
11111111111111111111111111111111111111111111111111111111111111111111111


1111111111111111111111
1
1
1
1
111111111111111111111111111111111
1
1312edaSDSADSA
11111111111111111111111111111111111111111111111111111111111111111111111


1111111111111111111111
1
1
1
1
111111111111111111111111111111111
1
1312edaSDSADSA
11111111111111111111111111111111111111111111111111111111111111111111111


1111111111111111111111
1
1
1
1
111111111111111111111111111111111
1
1